2.399133160700322 1.9748999510576375 -2.9699292632576575 0.9726359678558867 0.6417378609678281 1.4339318574760047 1.7376436479082498 0.30936048756818 1.3680762154135828 0.9028904501985316 
0.29078845473010967 1.7970467688824836 0.16181154315930255 1.1766608916186219 0.8508011135278539 1.4767935083156343 2.214970125412227 1.7876284365235262 1.470578439983401 -3.5413849205446355 

1.1122204638877498 1.2515419383239443 1.0984120597058225 1.6000880398661608 1.5486092833198029 0.9027156580602645 0.7160552250850915 0.8347299212293953 1.7517308914944842 0.7880210315208718 
1.5048779350714487 1.3932573588313137 0.654261386357712 1.4866199744611428 0.3576317032412863 0.721094075440939 0.7197501836595341 1.6067217336235828 -0.3183790166948937 1.4971379962797027 
0.5956038434324123 1.4038480511303566 -0.21066809123148061 -6.1717220057782045 1.4947482866083612 1.3805838265700996 -2.112897456036225 0.7626246589507397 -7.637515618688416 0.6632629051230042 
0.8130726317007757 0.279951580323841 0.9902605736807073 0.21060599026938473 0.7276472062868926 1.6725673630685924 0.7480070574093884 0.7808780052784389 0.5670907607399555 0.9678934527091916 
1.034766973986653 0.32640335994915154 0.5652262606325524 -0.3495173028211237 0.8180188616054124 0.47958665601931216 -0.005975601450595288 0.9253525255327497 0.7097468666072847 1.1596778081567776 
1.6172713619628014 0.6555881417555496 0.16195783944981046 1.681681922486743 0.9279937238969169 0.9608634529333704 -0.19545808224941189 1.3849291130748573 0.4008019876318057 1.2108954404395698 
0.944093399925912 0.9941820834964693 0.023729072466828347 1.5702480390339237 0.5359642429336193 1.0331798158081695 1.2396310960331574 0.8610057379665614 -0.2929896371534797 0.3720154085324885 
0.6775540957183178 1.3636166337558384 0.4035092731668504 0.6522226631144935 1.3916739827112203 1.6008120092255766 -0.19027508782209898 0.48642069938680105 0.8709768872436431 1.0255303984977673 
0.7137790959268546 0.28419284994737587 0.8120060215710909 0.5052008253907952 1.0767171877301789 1.153279870403142 0.8313623187758382 0.7595413730980412 -0.23341392673330172 0.6061227927692023 
1.4650401900491692 1.4292063918787645 0.7168756219274365 -4.2895214518513285 0.6231958077065497 1.6313004297650437 -2.1993479882917093 1.7977743877199677 -6.457257132873805 0.3465238618476082 

-2.3209005567980423 -1.424745703131309 -0.48687218864558623 
-1.474694514351492 -0.591762855659901 -0.27259260708653155 
-0.46186344161678017 0.22166921654161803 0.3719945075613778 
6.181198414512723 5.459401066944352 4.945324551625805 
-1.755597403945421 -0.8120391929668829 -0.07232762497512812 
-2.347874640605228 -0.7030943148284541 -1.1691661222709355 
2.2995908834928054 2.133910486029631 1.2906486930780112 
-2.293330606083519 -0.15665195580409688 -0.6430279281654884 
7.602788448407736 2.9177114953350185 -7.2040437492469085 
-1.1813996966633833 -0.15038992173392826 -0.33292901073699493 
